1	H	1	1.e40	0.5	2.79284734	0.9999	3.930589377741141e36	3.243290472082097e35	2.5979166666666665e36	1.00782
1	H	2	1.e40	1.	0.857438228	0.0001	3.930589377741141e36	3.243290472082097e35	2.5979166666666665e36	2.0141
2	He	3	1.e40	0.5	-2.12749772	0.	0.	0.	2.3986759930052454e30	3.01602
2	He	4	1.e40	0.	0	1.	0.	0.	2.3986759930052454e30	4.0026
3	Li	6	1.e40	1.	0.8220473	0.0759	0.	6.2800495526269096e32	4.275839216251255e33	6.01512
3	Li	7	1.e40	-1.5	3.256427	0.9241	0.	6.2800495526269096e32	4.275839216251255e33	7.016
4	Be	9	1.e40	-1.5	-1.1778	1.	0.	1.8742850397917844e31	3.680670217487778e32	9.01218
5	B	10	1.e40	3.	1.80064478	0.19899999999999998	0.	6.551980752037092e31	1.3887595967070563e33	10.0129
5	B	11	1.e40	-1.5	2.6886489	0.8009999999999999	0.	6.551980752037092e31	1.3887595967070563e33	11.0093
6	C	12	1.e40	0.	0	0.9893000000000001	1.0995570984272944e36	2.2682241250095426e34	2.6163017234201976e35	12.
6	C	13	1.e40	-0.5	0.7024118	0.010700000000000001	1.0995570984272944e36	2.2682241250095426e34	2.6163017234201976e35	13.0033
7	N	14	1.e40	1.	0.403761	0.9963	3.5357625586876823e34	3.890003564716158e32	2.492753623188405e33	14.003
7	N	15	1.e40	-0.5	-0.28318884	0.0036	3.5357625586876823e34	3.890003564716158e32	2.492753623188405e33	15.0001
8	O	16	1.e40	0.	0	0.9976	0.	7.548662789362803e37	5.019488718044878e37	15.9949
8	O	17	1.e40	2.5	-1.89379	0.0004	0.	7.548662789362803e37	5.019488718044878e37	16.9991
8	O	18	1.e40	0.	0	0.0021	0.	7.548662789362803e37	5.019488718044878e37	17.9991
9	F	19	1.e40	0.5	2.628868	1	0.	3.5850668446006965e33	4.962269712601326e34	18.9984
10	Ne	20	1.e40	0.	0	0.9048	0.	0.	2.595341922695738e29	19.9924
10	Ne	21	1.e40	1.5	-0.661797	0.0027	0.	0.	2.595341922695738e29	20.9938
10	Ne	22	1.e40	0.	0	0.0925	0.	0.	2.595341922695738e29	21.9913
11	Na	23	1.e40	1.5	2.217522	1	0.	3.0692051983739934e35	1.7465593736407134e36	22.9897
12	Mg	24	1.e40	0.	0	0.7898999999999999	0.	2.4850503930668785e37	2.0830364122608517e36	23.985
12	Mg	25	1.e40	2.5	-0.85545	0.1	0.	2.4850503930668785e37	2.0830364122608517e36	24.9858
12	Mg	26	1.e40	0.	0	0.1101	0.	2.4850503930668785e37	2.0830364122608517e36	25.9825
13	Al	27	1.e40	2.5	3.6415069	1	0.	2.4030784640821768e36	5.2408939292861903e36	26.9815
14	Si	28	1.e40	0.	0	0.9222	1.4106793750491599e37	2.0583566191970722e37	1.6782952360606707e37	27.9769
14	Si	29	1.e40	0.5	-0.55529	0.046900000000000004	1.4106793750491599e37	2.0583566191970722e37	1.6782952360606707e37	28.9764
14	Si	30	1.e40	0.	0	0.0309	1.4106793750491599e37	2.0583566191970722e37	1.6782952360606707e37	29.9737
15	P	31	1.e40	0.5	1.1316	1	4.2638278263092385e35	7.652213717949236e33	5.579976754697488e34	30.9737
16	S	32	1.e40	0.	0	0.9499	3.912814998830415e36	1.6992758437854121e34	2.286717604865118e34	31.972
16	S	33	1.e40	1.5	0.6438212	0.0075	3.912814998830415e36	1.6992758437854121e34	2.286717604865118e34	32.9714
16	S	34	1.e40	0.	0	0.0425	3.912814998830415e36	1.6992758437854121e34	2.286717604865118e34	33.9678
16	S	36	1.e40	0.	0	0.0001	3.912814998830415e36	1.6992758437854121e34	2.286717604865118e34	35.967
17	Cl	35	1.e40	1.5	0.8218743	0.7576	3.725151696389652e34	2.3053315628146796e33	8.371252080218881e33	34.9688
17	Cl	37	1.e40	1.5	0.6841236	0.24239999999999998	3.725151696389652e34	2.3053315628146796e33	8.371252080218881e33	36.9659
18	Ar	36	1.e40	0.	0	0.0033000000000000004	0.	0.	6.555271853409354e31	35.9675
18	Ar	38	1.e40	0.	0	0.0006	0.	0.	6.555271853409354e31	37.9627
18	Ar	40	1.e40	0.	0	0.996	0.	0.	6.555271853409354e31	39.9623
19	K	39	1.e40	1.5	0.39147	0.9326000000000001	0.	1.811690212038288e34	6.697785052943883e35	38.9637
19	K	40	4.0393728e16	-4.	-1.2981	0.0001	0.	1.811690212038288e34	6.697785052943883e35	39.9639
19	K	41	1.e40	1.5	0.2148701	0.06730000000000001	0.	1.811690212038288e34	6.697785052943883e35	40.9618
20	Ca	40	1.e40	0.	0	0.9694	0.	1.7741878414573553e36	2.1780028943560053e36	39.9625
20	Ca	42	1.e40	0.	0	0.006500000000000001	0.	1.7741878414573553e36	2.1780028943560053e36	41.9586
20	Ca	43	1.e40	-3.5	-1.3173	0.0014000000000000002	0.	1.7741878414573553e36	2.1780028943560053e36	42.9587
20	Ca	44	1.e40	0.	0	0.0209	0.	1.7741878414573553e36	2.1780028943560053e36	43.9554
20	Ca	46	1.e40	0.	0	0.	0.	1.7741878414573553e36	2.1780028943560053e36	45.9536
20	Ca	48	1.e40	0.	0	0.0019	0.	1.7741878414573553e36	2.1780028943560053e36	47.9525
21	Sc	45	1.e40	-3.5	4.756487	1	0.	9.938510886956793e32	1.0096716789749967e33	44.9559
22	Ti	46	1.e40	0.	0	0.0825	0.	7.199783683193926e34	2.407144797041803e35	45.9526
22	Ti	47	1.e40	-2.5	-0.78848	0.07440000000000001	0.	7.199783683193926e34	2.407144797041803e35	46.9517
22	Ti	48	1.e40	0.	0	0.7372	0.	7.199783683193926e34	2.407144797041803e35	47.9479
22	Ti	49	1.e40	-3.5	-1.10417	0.0541	0.	7.199783683193926e34	2.407144797041803e35	48.9478
22	Ti	50	1.e40	0.	0	0.0518	0.	7.199783683193926e34	2.407144797041803e35	49.9447
23	V	50	4.73364e24	6.	3.3456889	0.0025	1.9443848360699763e34	4.599256089341029e33	6.511365867064504e33	49.9471
23	V	51	1.e40	-3.5	5.1487057	0.9975	1.9443848360699763e34	4.599256089341029e33	6.511365867064504e33	50.9439
24	Cr	50	1.e40	0.	0	0.0435	1.14298237155639e36	1.3203702729639556e35	4.700592353257942e33	49.946
24	Cr	52	1.e40	0.	0	0.8379000000000001	1.14298237155639e36	1.3203702729639556e35	4.700592353257942e33	51.9405
24	Cr	53	1.e40	-1.5	-0.47454	0.095	1.14298237155639e36	1.3203702729639556e35	4.700592353257942e33	52.9406
24	Cr	54	1.e40	0.	0	0.023700000000000002	1.14298237155639e36	1.3203702729639556e35	4.700592353257942e33	53.9388
25	Mn	55	1.e40	-2.5	3.4532	1	3.605914023775046e34	5.206928166981706e34	3.4955404273908765e34	54.938
26	Fe	54	1.e40	0.	0	0.058499999999999996	1.0109944636381726e38	3.0734162733026153e36	1.969476228847703e36	53.9396
26	Fe	56	1.e40	0.	0	0.9175	1.0109944636381726e38	3.0734162733026153e36	1.969476228847703e36	55.9349
26	Fe	57	1.e40	-0.5	0.09044	0.0212	1.0109944636381726e38	3.0734162733026153e36	1.969476228847703e36	56.9353
26	Fe	58	1.e40	0.	0	0.0028000000000000004	1.0109944636381726e38	3.0734162733026153e36	1.969476228847703e36	57.9332
27	Co	59	1.e40	-3.5	4.627	1	2.8012277308999693e31	4.715272048733206e33	8.887041216296478e32	58.9331
28	Ni	58	1.e40	0.	0	0.6808	5.850378887422113e36	8.633596908628062e34	2.6770142947199844e33	57.9353
28	Ni	60	1.e40	0.	0	0.2622	5.850378887422113e36	8.633596908628062e34	2.6770142947199844e33	59.9307
28	Ni	61	1.e40	-1.5	-0.75002	0.011399999999999999	5.850378887422113e36	8.633596908628062e34	2.6770142947199844e33	60.931
28	Ni	62	1.e40	0.	0	0.0363	5.850378887422113e36	8.633596908628062e34	2.6770142947199844e33	61.9283
28	Ni	64	1.e40	0.	0	0.009300000000000001	5.850378887422113e36	8.633596908628062e34	2.6770142947199844e33	63.9279
29	Cu	63	1.e40	-1.5	2.227206	0.6915000000000001	1.2989389880175615e34	8.57446258316483e32	1.868164794007491e33	62.9295
29	Cu	65	1.e40	-1.5	2.3817	0.3085	1.2989389880175615e34	8.57446258316483e32	1.868164794007491e33	64.9277
30	Zn	64	1.e40	0.	0	0.4917	0.	2.2289872123469863e33	2.0824652087475145e33	63.9291
30	Zn	66	1.e40	0.	0	0.2773	0.	2.2289872123469863e33	2.0824652087475145e33	65.926
30	Zn	67	1.e40	-2.5	0.875479	0.0404	0.	2.2289872123469863e33	2.0824652087475145e33	66.9271
30	Zn	68	1.e40	0.	0	0.1845	0.	2.2289872123469863e33	2.0824652087475145e33	67.9248
30	Zn	70	1.e40	0.	0	0.0061	0.	2.2289872123469863e33	2.0824652087475145e33	69.9253
31	Ga	69	1.e40	-1.5	2.01659	0.6011	0.	1.719260729574951e32	4.757425813576575e32	68.9255
31	Ga	71	1.e40	-1.5	2.56227	0.39890000000000003	0.	1.719260729574951e32	4.757425813576575e32	70.9247
32	Ge	70	1.e40	0.	0	0.2057	1.8181140293516293e33	4.5006013158848475e31	3.364702643171757e31	69.9242
32	Ge	72	1.e40	0.	0	0.2745	1.8181140293516293e33	4.5006013158848475e31	3.364702643171757e31	71.922
32	Ge	73	1.e40	4.5	-0.8794677	0.0775	1.8181140293516293e33	4.5006013158848475e31	3.364702643171757e31	72.9234
32	Ge	74	1.e40	0.	0	0.365	1.8181140293516293e33	4.5006013158848475e31	3.364702643171757e31	73.9211
32	Ge	76	1.e40	0.	0	0.07730000000000001	1.8181140293516293e33	4.5006013158848475e31	3.364702643171757e31	75.9214
33	As	75	1.e40	-1.5	1.43948	1	4.406843220018898e32	2.4726615915929818e30	4.893329062224706e31	74.9215
34	Se	74	1.e40	0.	0	0.0089	6.690364898282794e32	2.622234849768504e30	1.1054964539001367e30	73.9224
34	Se	76	1.e40	0.	0	0.09369999999999999	6.690364898282794e32	2.622234849768504e30	1.1054964539001367e30	75.9192
34	Se	77	1.e40	-0.5	0.5350422	0.0763	6.690364898282794e32	2.622234849768504e30	1.1054964539001367e30	76.9199
34	Se	78	1.e40	0.	0	0.2377	6.690364898282794e32	2.622234849768504e30	1.1054964539001367e30	77.9173
34	Se	80	1.e40	0.	0	0.4961	6.690364898282794e32	2.622234849768504e30	1.1054964539001367e30	79.9165
34	Se	82	1.e40	0.	0	0.0873	6.690364898282794e32	2.622234849768504e30	1.1054964539001367e30	81.9166
35	Br	79	1.e40	-1.5	2.1064	0.5069	5.784908275209729e31	2.557159838570937e30	6.554615538646416e31	78.9183
35	Br	81	1.e40	-1.5	2.270562	0.49310000000000004	5.784908275209729e31	2.557159838570937e30	6.554615538646416e31	80.9162
36	Kr	78	1.e40	0.	0	0.0036	0.	0.	3.1249403341288784e27	77.9203
36	Kr	80	1.e40	0.	0	0.0229	0.	0.	3.1249403341288784e27	79.9163
36	Kr	82	1.e40	0.	0	0.1159	0.	0.	3.1249403341288784e27	81.9134
36	Kr	83	1.e40	4.5	-0.970669	0.115	0.	0.	3.1249403341288784e27	82.9141
36	Kr	84	1.e40	0.	0	0.5699000000000001	0.	0.	3.1249403341288784e27	83.9114
36	Kr	86	1.e40	0.	0	0.1728	0.	0.	3.1249403341288784e27	85.9106
37	Rb	85	1.e40	-2.5	1.35298	0.7217	0.	1.9284881100670677e31	1.2255815041887019e33	84.9117
37	Rb	87	1.5463224e18	-1.5	2.75131	0.2783	0.	1.9284881100670677e31	1.2255815041887019e33	86.9091
38	Sr	84	1.e40	0.	0	0.005600000000000001	0.	6.840448290809992e32	7.172882903446701e33	83.9134
38	Sr	86	1.e40	0.	0	0.0986	0.	6.840448290809992e32	7.172882903446701e33	85.9092
38	Sr	87	1.e40	4.5	-1.0928	0.07	0.	6.840448290809992e32	7.172882903446701e33	86.9088
38	Sr	88	1.e40	0.	0	0.8258	0.	6.840448290809992e32	7.172882903446701e33	87.9056
39	Y	89	1.e40	-0.5	-0.1374154	1	0.	1.265564000826402e32	5.694576294063393e32	88.9058
40	Zr	90	1.e40	0.	0	0.5145000000000001	0.	3.076048974442504e32	2.4878759975445058e33	89.9046
40	Zr	91	1.e40	2.5	-1.30362	0.11220000000000001	0.	3.076048974442504e32	2.4878759975445058e33	90.9056
40	Zr	92	1.e40	0.	0	0.17149999999999999	0.	3.076048974442504e32	2.4878759975445058e33	91.905
40	Zr	94	1.e40	0.	0	0.17379999999999998	0.	3.076048974442504e32	2.4878759975445058e33	93.9063
40	Zr	96	1.e40	0.	0	0.027999999999999997	0.	3.076048974442504e32	2.4878759975445058e33	95.9082
41	Nb	93	1.e40	4.5	6.1705	1	0.	1.7447706046397775e31	3.1944761371708998e32	92.9063
42	Mo	92	1.e40	0.	0	0.14529999999999998	3.441416590892807e32	1.3346373549906316e30	2.0016468626225208e31	91.9068
42	Mo	94	1.e40	0.	0	0.09150000000000001	3.441416590892807e32	1.3346373549906316e30	2.0016468626225208e31	93.905
42	Mo	95	1.e40	2.5	-0.9142	0.1584	3.441416590892807e32	1.3346373549906316e30	2.0016468626225208e31	94.9058
42	Mo	96	1.e40	0.	0	0.16670000000000001	3.441416590892807e32	1.3346373549906316e30	2.0016468626225208e31	95.9046
42	Mo	97	1.e40	2.5	-0.9335	0.096	3.441416590892807e32	1.3346373549906316e30	2.0016468626225208e31	96.906
42	Mo	98	1.e40	0.	0	0.2439	3.441416590892807e32	1.3346373549906316e30	2.0016468626225208e31	97.9054
42	Mo	100	1.e40	0.	0	0.09820000000000001	3.441416590892807e32	1.3346373549906316e30	2.0016468626225208e31	99.9074
44	Ru	96	1.e40	0.	0	0.055400000000000005	2.613392759317351e32	1.994686214946306e29	1.727317700603542e28	95.9075
44	Ru	98	1.e40	0.	0	0.0187	2.613392759317351e32	1.994686214946306e29	1.727317700603542e28	97.9052
44	Ru	99	1.e40	2.5	-0.641	0.1276	2.613392759317351e32	1.994686214946306e29	1.727317700603542e28	98.9059
44	Ru	100	1.e40	0.	0	0.126	2.613392759317351e32	1.994686214946306e29	1.727317700603542e28	99.9042
44	Ru	101	1.e40	2.5	-0.719	0.1706	2.613392759317351e32	1.994686214946306e29	1.727317700603542e28	100.905
44	Ru	102	1.e40	0.	0	0.3155	2.613392759317351e32	1.994686214946306e29	1.727317700603542e28	101.904
44	Ru	104	1.e40	0.	0	0.1862	2.613392759317351e32	1.994686214946306e29	1.727317700603542e28	103.905
45	Rh	103	1.e40	-0.5	-0.884	1	4.748516815742315e31	3.1769156277172885e28	1.1875498027325908e28	102.905
46	Pd	102	1.e40	0.	0	0.0102	1.923558492696473e32	1.817608003711485e29	1.0335031009208795e29	101.905
46	Pd	104	1.e40	0.	0	0.11140000000000001	1.923558492696473e32	1.817608003711485e29	1.0335031009208795e29	103.904
46	Pd	105	1.e40	2.5	-0.642	0.2233	1.923558492696473e32	1.817608003711485e29	1.0335031009208795e29	104.905
46	Pd	106	1.e40	0.	0	0.2733	1.923558492696473e32	1.817608003711485e29	1.0335031009208795e29	105.903
46	Pd	108	1.e40	0.	0	0.2646	1.923558492696473e32	1.817608003711485e29	1.0335031009208795e29	107.903
46	Pd	110	1.e40	0.	0	0.11720000000000001	1.923558492696473e32	1.817608003711485e29	1.0335031009208795e29	109.905
47	Ag	107	1.e40	-0.5	-0.11357	0.5184000000000001	9.182598390539989e30	1.5153876941533883e29	1.278583083027356e30	106.905
47	Ag	109	1.e40	-0.5	0.13056	0.4816	9.182598390539989e30	1.5153876941533883e29	1.278583083027356e30	108.904
48	Cd	106	1.e40	0.	0	0.0125	8.811491074634755e30	8.482509708054695e29	2.3295762870178096e30	105.906
48	Cd	108	1.e40	0.	0	0.0089	8.811491074634755e30	8.482509708054695e29	2.3295762870178096e30	107.904
48	Cd	110	1.e40	0.	0	0.12490000000000001	8.811491074634755e30	8.482509708054695e29	2.3295762870178096e30	109.903
48	Cd	111	1.e40	0.5	-0.5948861	0.128	8.811491074634755e30	8.482509708054695e29	2.3295762870178096e30	110.904
48	Cd	112	1.e40	0.	0	0.2413	8.811491074634755e30	8.482509708054695e29	2.3295762870178096e30	111.902
48	Cd	113	2.840184e23	0.5	-0.6223009	0.1222	8.811491074634755e30	8.482509708054695e29	2.3295762870178096e30	112.904
48	Cd	114	1.e40	0.	0	0.2873	8.811491074634755e30	8.482509708054695e29	2.3295762870178096e30	113.903
48	Cd	116	1.e40	0.	0	0.07490000000000001	8.811491074634755e30	8.482509708054695e29	2.3295762870178096e30	115.904
49	In	113	1.e40	4.5	5.5289	0.0429	0.	4.270981199627349e29	2.432789283910577e30	112.904
49	In	115	1.3885344000000001e22	4.5	5.5408	0.9571	0.	4.270981199627349e29	2.432789283910577e30	114.903
50	Sn	112	1.e40	0.	0	0.0097	2.7813116648155667e31	3.212964025919086e30	3.235414034200993e31	111.904
50	Sn	114	1.e40	0.	0	0.006600000000000001	2.7813116648155667e31	3.212964025919086e30	3.235414034200993e31	113.902
50	Sn	115	1.e40	0.5	-0.91883	0.0034000000000000002	2.7813116648155667e31	3.212964025919086e30	3.235414034200993e31	114.903
50	Sn	116	1.e40	0.	0	0.1454	2.7813116648155667e31	3.212964025919086e30	3.235414034200993e31	115.901
50	Sn	117	1.e40	0.5	-1.00104	0.0768	2.7813116648155667e31	3.212964025919086e30	3.235414034200993e31	116.902
50	Sn	118	1.e40	0.	0	0.2422	2.7813116648155667e31	3.212964025919086e30	3.235414034200993e31	117.901
50	Sn	119	1.e40	0.5	-1.04728	0.0859	2.7813116648155667e31	3.212964025919086e30	3.235414034200993e31	118.903
50	Sn	120	1.e40	0.	0	0.3258	2.7813116648155667e31	3.212964025919086e30	3.235414034200993e31	119.902
50	Sn	122	1.e40	0.	0	0.0463	2.7813116648155667e31	3.212964025919086e30	3.235414034200993e31	121.903
50	Sn	124	1.e40	0.	0	0.0579	2.7813116648155667e31	3.212964025919086e30	3.235414034200993e31	123.905
51	Sb	121	1.e40	2.5	3.3634	0.5721	7.050268726171692e30	1.2082429025430678e29	2.867608409986929e30	120.903
51	Sb	123	1.e40	3.5	2.5498	0.4279	7.050268726171692e30	1.2082429025430678e29	2.867608409986929e30	122.904
52	Te	120	1.e40	0.	0	0.0009	4.398810055967359e31	1.9215733517978567e29	1.3681818181818183e28	119.904
52	Te	122	1.e40	0.	0	0.0255	4.398810055967359e31	1.9215733517978567e29	1.3681818181818183e28	121.903
52	Te	123	3.15576e22	0.5	-0.7369478	0.0089	4.398810055967359e31	1.9215733517978567e29	1.3681818181818183e28	122.904
52	Te	124	1.e40	0.	0	0.047400000000000005	4.398810055967359e31	1.9215733517978567e29	1.3681818181818183e28	123.902
52	Te	125	1.e40	0.5	-0.8885051	0.0707	4.398810055967359e31	1.9215733517978567e29	1.3681818181818183e28	124.904
52	Te	126	1.e40	0.	0	0.1884	4.398810055967359e31	1.9215733517978567e29	1.3681818181818183e28	125.903
52	Te	128	1.e40	0.	0	0.3174	4.398810055967359e31	1.9215733517978567e29	1.3681818181818183e28	127.904
52	Te	130	1.e40	0.	0	0.3408	4.398810055967359e31	1.9215733517978567e29	1.3681818181818183e28	129.906
53	I	127	1.e40	2.5	2.81327	1	6.76443575980982e30	1.5027420492370459e29	6.74080611481053e30	126.904
54	Xe	124	1.e40	0.	0	0.001	0.	0.	2.659395398079105e26	123.905
54	Xe	126	1.e40	0.	0	0.0009	0.	0.	2.659395398079105e26	125.904
54	Xe	128	1.e40	0.	0	0.0191	0.	0.	2.659395398079105e26	127.903
54	Xe	129	1.e40	0.5	-0.777976	0.264	0.	0.	2.659395398079105e26	128.904
54	Xe	130	1.e40	0.	0	0.04070000000000001	0.	0.	2.659395398079105e26	129.903
54	Xe	131	1.e40	1.5	0.6915	0.21230000000000002	0.	0.	2.659395398079105e26	130.905
54	Xe	132	1.e40	0.	0	0.2691	0.	0.	2.659395398079105e26	131.904
54	Xe	134	1.e40	0.	0	0.10439999999999999	0.	0.	2.659395398079105e26	133.905
54	Xe	136	1.e40	0.	0	0.0886	0.	0.	2.659395398079105e26	135.907
55	Cs	133	1.e40	3.5	2.582025	1	3.2295032583128867e30	3.6897169381277974e29	2.495763923374404e31	132.905
56	Ba	130	1.e40	0.	0	0.0011	0.	1.3589384007777338e32	4.3223255441391717e33	129.906
56	Ba	132	1.e40	0.	0	0.001	0.	1.3589384007777338e32	4.3223255441391717e33	131.905
56	Ba	134	1.e40	0.	0	0.0242	0.	1.3589384007777338e32	4.3223255441391717e33	133.904
56	Ba	135	1.e40	1.5	0.83794	0.0659	0.	1.3589384007777338e32	4.3223255441391717e33	134.905
56	Ba	136	1.e40	0.	0	0.0785	0.	1.3589384007777338e32	4.3223255441391717e33	135.904
56	Ba	137	1.e40	1.5	0.93737	0.11230000000000001	0.	1.3589384007777338e32	4.3223255441391717e33	136.905
56	Ba	138	1.e40	0.	0	0.7170000000000001	0.	1.3589384007777338e32	4.3223255441391717e33	137.905
57	La	138	3.4713360000000005e18	5.	3.713646	0.0009	0.	1.3399604642292274e31	4.273191942752654e32	137.907
57	La	139	1.e40	3.5	2.7830455	0.9991	0.	1.3399604642292274e31	4.273191942752654e32	138.906
58	Ce	136	1.e40	0.	0	0.0019	0.	3.408274322383363e31	7.475805760940932e32	135.907
58	Ce	138	1.e40	0.	0	0.0025	0.	3.408274322383363e31	7.475805760940932e32	137.905
58	Ce	140	1.e40	0.	0	0.8845000000000001	0.	3.408274322383363e31	7.475805760940932e32	139.905
58	Ce	142	1.e40	0.	0	0.11109999999999999	0.	3.408274322383363e31	7.475805760940932e32	141.909
59	Pr	141	1.e40	2.5	4.2754	1	0.	5.137135676349527e30	1.0655094103954344e32	140.907
60	Nd	142	1.e40	0.	0	0.2715	0.	2.5328425675070416e31	3.994134775374374e32	141.907
60	Nd	143	1.e40	-3.5	-1.065	0.1217	0.	2.5328425675070416e31	3.994134775374374e32	142.909
60	Nd	144	1.e40	0.	0	0.23800000000000002	0.	2.5328425675070416e31	3.994134775374374e32	143.91
60	Nd	145	1.e40	-3.5	-0.656	0.08289999999999999	0.	2.5328425675070416e31	3.994134775374374e32	144.912
60	Nd	146	1.e40	0.	0	0.17190000000000003	0.	2.5328425675070416e31	3.994134775374374e32	145.913
60	Nd	148	1.e40	0.	0	0.0576	0.	2.5328425675070416e31	3.994134775374374e32	147.916
60	Nd	150	1.e40	0.	0	0.0564	0.	2.5328425675070416e31	3.994134775374374e32	149.92
62	Sm	144	1.e40	0.	0	0.030699999999999998	0.	7.876303733039594e30	6.966480446927354e31	143.912
62	Sm	147	3.4713360000000005e18	-3.5	-0.812	0.1499	0.	7.876303733039594e30	6.966480446927354e31	146.914
62	Sm	148	1.e40	0.	0	0.1124	0.	7.876303733039594e30	6.966480446927354e31	147.914
62	Sm	149	6.31152e22	-3.5	-0.6677	0.13820000000000002	0.	7.876303733039594e30	6.966480446927354e31	148.917
62	Sm	150	1.e40	0.	0	0.0738	0.	7.876303733039594e30	6.966480446927354e31	149.917
62	Sm	152	1.e40	0.	0	0.2675	0.	7.876303733039594e30	6.966480446927354e31	151.919
62	Sm	154	1.e40	0.	0	0.2275	0.	7.876303733039594e30	6.966480446927354e31	153.922
63	Eu	151	1.e40	2.5	3.4717	0.4781	0.	2.984960947496789e30	2.067884498960268e31	150.919
63	Eu	153	1.e40	2.5	1.5324	0.5219	0.	2.984960947496789e30	2.067884498960268e31	152.921
64	Gd	152	1.e40	0.	0	0.802	0.	1.0143816343271331e31	5.773074721780624e31	151.919
64	Gd	154	1.e40	0.	0	0.021800000000000003	0.	1.0143816343271331e31	5.773074721780624e31	153.92
64	Gd	155	1.e40	-1.5	-0.2572	0.14800000000000002	0.	1.0143816343271331e31	5.773074721780624e31	154.922
64	Gd	156	1.e40	0.	0	0.2047	0.	1.0143816343271331e31	5.773074721780624e31	155.922
64	Gd	157	1.e40	-1.5	-0.3398	0.1565	0.	1.0143816343271331e31	5.773074721780624e31	156.923
64	Gd	158	1.e40	0.	0	0.2484	0.	1.0143816343271331e31	5.773074721780624e31	157.924
64	Gd	160	1.e40	0.	0	0.2186	0.	1.0143816343271331e31	5.773074721780624e31	159.927
65	Tb	159	1.e40	1.5	2.014	1	0.	1.8428134631367837e30	1.021610193487501e31	158.925
66	Dy	156	1.e40	0.	0	0.0006	0.	1.2136412905241803e31	6.6608984615384465e31	155.924
66	Dy	158	1.e40	0.	0	0.001	0.	1.2136412905241803e31	6.6608984615384465e31	157.924
66	Dy	160	1.e40	0.	0	0.0233	0.	1.2136412905241803e31	6.6608984615384465e31	159.925
66	Dy	161	1.e40	2.5	-0.48	0.1889	0.	1.2136412905241803e31	6.6608984615384465e31	160.926
66	Dy	162	1.e40	0.	0	0.2548	0.	1.2136412905241803e31	6.6608984615384465e31	161.926
66	Dy	163	1.e40	-2.5	0.673	0.249	0.	1.2136412905241803e31	6.6608984615384465e31	162.928
66	Dy	164	1.e40	0.	0	0.2826	0.	1.2136412905241803e31	6.6608984615384465e31	163.929
67	Ho	165	1.e40	-3.5	4.17	1	0.	2.637973262892555e30	1.270211604923274e31	164.93
68	Er	162	1.e40	0.	0	0.0014000000000000002	0.	7.629437554831331e30	3.1313113195702666e31	161.928
68	Er	164	1.e40	0.	0	0.016	0.	7.629437554831331e30	3.1313113195702666e31	163.929
68	Er	166	1.e40	0.	0	0.335	0.	7.629437554831331e30	3.1313113195702666e31	165.93
68	Er	167	1.e40	3.5	-0.56385	0.22870000000000001	0.	7.629437554831331e30	3.1313113195702666e31	166.932
68	Er	168	1.e40	0.	0	0.2698	0.	7.629437554831331e30	3.1313113195702666e31	167.932
68	Er	170	1.e40	0.	0	0.1491	0.	7.629437554831331e30	3.1313113195702666e31	169.935
69	Tm	169	1.e40	0.5	-0.231	1	0.	1.1906412792286328e30	4.650396012643824e30	168.934
70	Yb	168	1.e40	0.	0	0.0012	0.	7.516246948407733e30	2.824919093851146e31	167.933
70	Yb	170	1.e40	0.	0	0.0298	0.	7.516246948407733e30	2.824919093851146e31	169.934
70	Yb	171	1.e40	-0.5	0.49367	0.1409	0.	7.516246948407733e30	2.824919093851146e31	170.936
70	Yb	172	1.e40	0.	0	0.2168	0.	7.516246948407733e30	2.824919093851146e31	171.936
70	Yb	173	1.e40	-2.5	-0.648	0.161	0.	7.516246948407733e30	2.824919093851146e31	172.938
70	Yb	174	1.e40	0.	0	0.32030000000000003	0.	7.516246948407733e30	2.824919093851146e31	173.938
70	Yb	176	1.e40	0.	0	0.13	0.	7.516246948407733e30	2.824919093851146e31	175.942
71	Lu	176	1.1360736e18	-7.	3.169	0.026000000000000002	0.	1.1028748385441992e30	5.687392479724506e30	175.942
72	Hf	174	1.e40	0.	0	0.0016	0.	4.6003883050022797e30	3.2277102358675804e31	173.94
72	Hf	176	1.e40	0.	0	0.0526	0.	4.6003883050022797e30	3.2277102358675804e31	175.941
72	Hf	177	1.e40	-3.5	0.7935	0.18600000000000003	0.	4.6003883050022797e30	3.2277102358675804e31	176.943
72	Hf	178	1.e40	0.	0	0.27280000000000004	0.	4.6003883050022797e30	3.2277102358675804e31	177.943
72	Hf	179	1.e40	4.5	-0.6409	0.1362	0.	4.6003883050022797e30	3.2277102358675804e31	178.945
72	Hf	180	1.e40	0.	0	0.3508	0.	4.6003883050022797e30	3.2277102358675804e31	179.946
73	Ta	180	3.786912e22	-9.	4.825	0.0001	0.	6.47410592278474e29	1.6401728673430913e31	179.947
73	Ta	181	1.e40	3.5	2.3705	0.9999	0.	6.47410592278474e29	1.6401728673430913e31	180.947
74	W	180	1.e40	0.	0	0.0012	1.6882035316929966e31	1.7783054807760844e29	1.044593124456074e31	179.946
74	W	182	1.e40	0.	0	0.265	1.6882035316929966e31	1.7783054807760844e29	1.044593124456074e31	181.948
74	W	183	1.e40	-0.5	0.11778476	0.1431	1.6882035316929966e31	1.7783054807760844e29	1.044593124456074e31	182.95
74	W	184	1.e40	0.	0	0.3064	1.6882035316929966e31	1.7783054807760844e29	1.044593124456074e31	183.95
74	W	186	1.e40	0.	0	0.2843	1.6882035316929966e31	1.7783054807760844e29	1.044593124456074e31	185.954
75	Re	185	1.e40	2.5	3.1871	0.374	8.156405159629751e30	5.120792444924931e27	2.437652719822563e28	184.952
75	Re	187	1.262304e18	2.5	3.2197	0.626	8.156405159629751e30	5.120792444924931e27	2.437652719822563e28	186.955
76	Os	184	1.e40	0.	0	0.0002	9.719546040526902e31	5.585354353435813e28	1.6519161015612677e28	183.952
76	Os	186	1.e40	0.	0	0.0159	9.719546040526902e31	5.585354353435813e28	1.6519161015612677e28	185.953
76	Os	187	1.e40	-0.5	0.06465189	0.0196	9.719546040526902e31	5.585354353435813e28	1.6519161015612677e28	186.955
76	Os	188	1.e40	0.	0	0.13240000000000002	9.719546040526902e31	5.585354353435813e28	1.6519161015612677e28	187.955
76	Os	189	1.e40	-1.5	0.659933	0.16149999999999998	9.719546040526902e31	5.585354353435813e28	1.6519161015612677e28	188.958
76	Os	190	1.e40	0.	0	0.2626	9.719546040526902e31	5.585354353435813e28	1.6519161015612677e28	189.958
76	Os	192	1.e40	0.	0	0.4078	9.719546040526902e31	5.585354353435813e28	1.6519161015612677e28	191.961
77	Ir	191	1.e40	1.5	0.1507	0.373	8.931995818254007e31	4.960681931317919e28	3.632977312100386e27	190.96
77	Ir	193	1.e40	1.5	0.1637	0.627	8.931995818254007e31	4.960681931317919e28	3.632977312100386e27	192.962
78	Pt	190	1.e40	0.	0	0.0001	1.9294499575169503e32	1.061378852242288e29	3.3112191021015186e29	189.959
78	Pt	192	1.e40	0.	0	0.0078000000000000005	1.9294499575169503e32	1.061378852242288e29	3.3112191021015186e29	191.961
78	Pt	194	1.e40	0.	0	0.3286	1.9294499575169503e32	1.061378852242288e29	3.3112191021015186e29	193.962
78	Pt	195	1.e40	-0.5	0.60952	0.33780000000000004	1.9294499575169503e32	1.061378852242288e29	3.3112191021015186e29	194.964
78	Pt	196	1.e40	0.	0	0.2521	1.9294499575169503e32	1.061378852242288e29	3.3112191021015186e29	195.964
78	Pt	198	1.e40	0.	0	0.0736	1.9294499575169503e32	1.061378852242288e29	3.3112191021015186e29	197.967
79	Au	197	1.e40	1.5	0.145746	1	1.676268145071285e31	2.3513678911356896e28	2.7476582371666315e28	196.966
80	Hg	196	1.e40	0.	0	0.0015	1.645991862656443e30	8.14905228540494e28	5.831227877762777e29	195.965
80	Hg	198	1.e40	0.	0	0.09970000000000001	1.645991862656443e30	8.14905228540494e28	5.831227877762777e29	197.966
80	Hg	199	1.e40	-0.5	0.5058855	0.16870000000000002	1.645991862656443e30	8.14905228540494e28	5.831227877762777e29	198.968
80	Hg	200	1.e40	0.	0	0.231	1.645991862656443e30	8.14905228540494e28	5.831227877762777e29	199.968
80	Hg	201	1.e40	-1.5	-0.5602257	0.1318	1.645991862656443e30	8.14905228540494e28	5.831227877762777e29	200.97
80	Hg	202	1.e40	0.	0	0.2986	1.645991862656443e30	8.14905228540494e28	5.831227877762777e29	201.97
80	Hg	204	1.e40	0.	0	0.0687	1.645991862656443e30	8.14905228540494e28	5.831227877762777e29	203.973
81	Tl	203	1.e40	0.5	1.62225787	0.2952	9.69267036094751e29	5.465176842423656e28	4.6125754098921385e30	202.972
81	Tl	205	1.e40	0.5	1.63821461	0.7048000000000001	9.69267036094751e29	5.465176842423656e28	4.6125754098921385e30	204.974
82	Pb	204	1.e40	0.	0	0.013999999999999999	1.274785744132262e31	2.4324678540615727e30	8.425675675675697e31	203.973
82	Pb	206	1.e40	0.	0	0.24100000000000002	1.274785744132262e31	2.4324678540615727e30	8.425675675675697e31	205.974
82	Pb	207	1.e40	-0.5	0.592583	0.22100000000000003	1.274785744132262e31	2.4324678540615727e30	8.425675675675697e31	206.975
82	Pb	208	1.e40	0.	0	0.524	1.274785744132262e31	2.4324678540615727e30	8.425675675675697e31	207.976